1	1.55825e+09	15
1.30818	1.55825e+09	15
1.71133	1.55825e+09	15
2.23872	1.55825e+09	15
2.92864	1.55825e+09	15
3.83119	1.55825e+09	15.0001
5.01187	1.55825e+09	15.0001
6.55642	1.55825e+09	15.0001
8.57696	1.55825e+09	15.0001
11.2202	1.55824e+09	15.0002
14.678	1.55824e+09	15.0002
19.2014	1.55824e+09	15.0003
25.1189	1.55824e+09	15.0004
32.8599	1.55824e+09	15.0005
42.9866	1.55824e+09	15.0006
56.2341	1.55823e+09	15.0008
73.5642	1.55823e+09	15.0011
96.2351	1.55822e+09	15.0014
125.893	1.55821e+09	15.0019
164.69	1.5582e+09	15.0025
215.443	1.55819e+09	15.0032
281.838	1.55817e+09	15.0042
368.695	1.55815e+09	15.0055
482.318	1.55812e+09	15.0072
630.957	1.55808e+09	15.0095
825.404	1.55803e+09	15.0124
1079.78	1.55797e+09	15.0162
1412.54	1.55788e+09	15.0212
1847.85	1.55777e+09	15.0277
2417.32	1.55762e+09	15.0363
3162.28	1.55743e+09	15.0474
4136.82	1.55717e+09	15.0621
5411.7	1.55684e+09	15.0812
7079.46	1.55641e+09	15.1062
9261.19	1.55584e+09	15.1389
12115.3	1.5551e+09	15.1817
15848.9	1.55413e+09	15.2377
20733.2	1.55286e+09	15.311
27122.7	1.5512e+09	15.4068
35481.3	1.54903e+09	15.5322
46415.9	1.54619e+09	15.6962
60720.2	1.54248e+09	15.9108
79432.8	1.53762e+09	16.1915
103912	1.53126e+09	16.5587
135936	1.52294e+09	17.039
177828	1.51206e+09	17.6674
232631	1.49783e+09	18.4895
304322	1.47921e+09	19.5648
398107	1.45486e+09	20.9716
520795	1.42299e+09	22.8119
681292	1.38131e+09	25.2194
891251	1.32678e+09	28.3688
1.16591e+06	6.02729e+08	25.7309
1.52522e+06	1.57322e+08	19.6693
1.99526e+06	4.10634e+07	15.0356
2.61016e+06	1.07182e+07	11.4936
3.41455e+06	2.79762e+06	8.78593
4.46684e+06	730223	6.71616
5.84341e+06	190600	5.13398
7.64422e+06	49749.5	3.92453
1.08975e+07	30320.6	2.75292
1.17864e+07	29693.4	2.5453
1.25727e+07	29117.6	2.38613
1.35775e+07	28462.9	2.20954
1.44732e+07	27754.2	2.07279
1.52884e+07	27094.9	1.96228
1.60412e+07	26475.9	1.87019
1.67442e+07	25890.5	1.79167
1.74064e+07	25333.9	1.7235
1.80344e+07	24802.4	1.66348
1.86335e+07	24293.1	1.61001
1.92075e+07	23803.6	1.56189
1.97598e+07	23332.1	1.51824
2.02929e+07	22876.8	1.47835
2.08091e+07	22436.5	1.44167
2.13103e+07	22009.9	1.40777
2.17978e+07	21596.1	1.37629
2.22731e+07	21194.1	1.34691
2.27374e+07	20803.2	1.31941
2.31916e+07	20422.8	1.29357
2.36366e+07	20052.1	1.26922
2.40731e+07	19690.7	1.2462
2.4502e+07	19338	1.22439
2.49237e+07	18993.7	1.20367
2.53388e+07	18657.2	1.18395
2.57479e+07	18328.3	1.16514
2.61513e+07	18006.6	1.14717
2.65495e+07	17691.7	1.12996
2.69429e+07	17383.4	1.11347
2.73318e+07	17081.4	1.09762
2.77165e+07	16785.5	1.08239
2.80973e+07	16495.5	1.06772
2.84744e+07	16211	1.05358
2.88482e+07	15932	1.03993
2.92188e+07	15658.2	1.02674
2.95865e+07	15389.5	1.01398
2.99514e+07	15125.7	1.00162
3.03138e+07	14866.6	0.989647
3.06739e+07	14612	0.978031
3.10317e+07	14362	0.966753
3.13875e+07	14116.2	0.955795
3.17414e+07	13874.6	0.945139
3.20935e+07	13637.1	0.934769
3.2444e+07	13403.6	0.924671
3.2793e+07	13173.9	0.91483
3.31406e+07	12948	0.905234
3.3487e+07	12725.7	0.89587
3.38322e+07	12507	0.886729
3.41764e+07	12291.7	0.877799
3.45196e+07	12079.9	0.86907
3.4862e+07	11871.4	0.860535
3.52037e+07	11666.1	0.852183
3.55447e+07	11464	0.844007
3.58852e+07	11265	0.836
3.62251e+07	11069	0.828155
3.65647e+07	10876	0.820464
3.69039e+07	10686	0.812922
3.72429e+07	10498.8	0.805522
3.75818e+07	10314.4	0.798259
3.79205e+07	10132.7	0.791128
3.82593e+07	9953.76	0.784123
3.85981e+07	9777.47	0.777241
3.8937e+07	9603.78	0.770475
3.92761e+07	9432.65	0.763823
3.96155e+07	9264.04	0.75728
3.99552e+07	9097.91	0.750842
4.02952e+07	8934.22	0.744505
4.06358e+07	8772.93	0.738266
4.09768e+07	8614	0.732121
4.13185e+07	8457.39	0.726068
4.16607e+07	8303.07	0.720103
4.20037e+07	8151	0.714223
4.23474e+07	8001.14	0.708426
4.26919e+07	7853.47	0.702709
4.30373e+07	7707.95	0.697069
4.33837e+07	7564.55	0.6392
4.3731e+07	7423.23	0.638088
4.40794e+07	7283.96	0.636959
4.44289e+07	7146.72	0.635816
4.47796e+07	7011.46	0.634658
4.51315e+07	6878.17	0.633487
4.54847e+07	6746.82	0.632304
4.58393e+07	6617.36	0.631109
4.61952e+07	6489.79	0.629905
4.65527e+07	6364.06	0.62869
4.69116e+07	6240.15	0.627467
4.72722e+07	6118.04	0.626237
4.76344e+07	5997.69	0.625
4.79983e+07	5879.08	0.623758
4.8364e+07	5762.19	0.622509
4.87316e+07	5646.98	0.621255
4.9101e+07	5533.45	0.619993
4.94725e+07	5421.55	0.618728
4.9846e+07	5311.28	0.617459
5.02216e+07	5202.6	0.616184
5.05994e+07	5095.5	0.614904
5.09794e+07	4989.96	0.613619
5.13618e+07	4885.95	0.612328
5.17465e+07	4783.45	0.611033
5.21338e+07	4682.45	0.609739
5.25236e+07	4582.92	0.608428
5.29161e+07	4484.85	0.607122
5.33112e+07	4388.21	0.60581
5.37092e+07	4293	0.604483
5.411e+07	4199.17	0.603156
5.45138e+07	4106.73	0.601827
5.49207e+07	4015.66	0.600485
5.53308e+07	3925.93	0.599142
5.57441e+07	3837.54	0.597791
5.61607e+07	3750.47	0.596427
5.65808e+07	3664.69	0.595057
5.70044e+07	3580.2	0.593684
5.74317e+07	3496.99	0.592297
5.78627e+07	3415.03	0.590901
5.82976e+07	3334.33	0.58949
5.87366e+07	3254.84	0.588075
5.91796e+07	3176.58	0.586645
5.96268e+07	3099.52	0.585208
6.00785e+07	3023.66	0.583757
6.05346e+07	2948.99	0.582293
6.09953e+07	2875.48	0.580823
6.14608e+07	2803.13	0.579344
6.19313e+07	2731.93	0.577861
6.24067e+07	2661.84	0.57638
6.28875e+07	2592.86	0.574904
6.33736e+07	2524.96	0.573429
6.38653e+07	2458.11	0.571961
6.41558e+07	2405.61	0.57098
6.44584e+07	2367.57	0.569725
6.48675e+07	2313.3	0.572704
6.53786e+07	2256.87	0.570755
6.58958e+07	2195.58	0.568553
6.64192e+07	2135.36	0.566297
6.69491e+07	2076.19	0.563984
6.74856e+07	2018.09	0.56161
6.80289e+07	1961.03	0.559175
6.85793e+07	1905	0.556676
6.9137e+07	1850.01	0.554112
6.97022e+07	1796.03	0.551483
7.02751e+07	1743.06	0.548787
7.08561e+07	1691.09	0.546025
7.12487e+07	1645.15	0.545951
7.16707e+07	1513.53	0.595134
7.2112e+07	1429.74	0.619426
7.27823e+07	1390.55	0.617002
7.34627e+07	1344.69	0.614051
7.41535e+07	1299.82	0.611078
7.48551e+07	1256.14	0.608045
7.55677e+07	1213.53	0.604965
7.62917e+07	1172.03	0.601827
7.70273e+07	1131.55	0.598654
7.77749e+07	1092.18	0.595415
7.85349e+07	1053.78	0.59215
7.93076e+07	1016.43	0.588831
8.00935e+07	979.979	0.585508
8.08928e+07	944.543	0.582131
8.1706e+07	910.087	0.578715
8.25337e+07	876.426	0.57531
8.33764e+07	843.576	0.571926
8.42344e+07	811.777	0.56845
8.51082e+07	780.861	0.564943
8.59984e+07	750.808	0.561403
8.69054e+07	721.603	0.557829
8.78299e+07	693.219	0.554223
8.87724e+07	665.667	0.550576
8.97336e+07	638.909	0.546891
9.0714e+07	612.932	0.543167
9.17144e+07	587.711	0.539406
9.27355e+07	563.248	0.535594
9.37781e+07	539.499	0.531747
9.4843e+07	516.481	0.527843
9.5931e+07	494.155	0.523895
9.7043e+07	472.525	0.519887
9.818e+07	451.568	0.515822
9.93429e+07	431.293	0.51168
1.00533e+08	411.667	0.507471
1.0175e+08	392.683	0.503187
1.02998e+08	374.279	0.498965
1.04275e+08	356.578	0.494473
1.05584e+08	339.489	0.489882
1.06925e+08	323.002	0.485185
1.083e+08	307.11	0.480375
1.09711e+08	291.801	0.475445
1.11159e+08	277.062	0.470392
1.12645e+08	262.882	0.465208
1.14171e+08	249.248	0.459888
1.15739e+08	236.145	0.454427
1.1735e+08	223.562	0.448819
1.19006e+08	211.49	0.443049
1.20709e+08	199.922	0.437095
1.22461e+08	188.854	0.430929
1.24264e+08	178.274	0.424529
1.2612e+08	168.168	0.417888
1.28308e+08	138.157	0.43354
1.30557e+08	129.869	0.426792
1.32866e+08	122.086	0.419829
1.35238e+08	114.78	0.412606
1.37672e+08	107.924	0.405117
1.4017e+08	101.488	0.397375
1.42732e+08	95.4364	0.389413
1.45359e+08	89.7294	0.381284
1.48054e+08	84.327	0.373056
1.5082e+08	79.1898	0.364804
1.53662e+08	74.2801	0.356612
1.55084e+08	70.7498	0.350662
1.56613e+08	61.5458	0.364842
1.57893e+08	55.7021	0.371761
1.58813e+08	47.7059	0.384424
1.60857e+08	42.8304	0.388564
1.65372e+08	40.7173	0.382554
1.69942e+08	38.08	0.374539
1.74563e+08	35.6747	0.366752
1.79234e+08	33.4647	0.359218
1.83955e+08	31.4221	0.351795
1.88733e+08	29.486	0.344869
1.93568e+08	27.6868	0.33824
1.98462e+08	26.0116	0.331888
2.03416e+08	24.4583	0.325781
2.08423e+08	23.0392	0.319837
2.13484e+08	21.7181	0.314112
2.18602e+08	20.4786	0.308618
2.23776e+08	19.323	0.303316
2.29007e+08	18.2483	0.298186
2.34291e+08	17.2491	0.293213
2.3963e+08	16.3195	0.288391
2.4502e+08	15.454	0.283711
2.50461e+08	14.6473	0.279168
2.55953e+08	13.8947	0.274757
2.61492e+08	13.1918	0.270472
2.67079e+08	12.5347	0.266307
2.72713e+08	11.9199	0.262259
2.78392e+08	11.3439	0.258322
2.84116e+08	10.8038	0.254492
2.89884e+08	10.2969	0.250765
2.95694e+08	9.82058	0.247136
3.01547e+08	9.37263	0.243603
3.07441e+08	8.95095	0.24016
3.13377e+08	8.55362	0.236804
3.19353e+08	8.1789	0.233532
3.25368e+08	7.82519	0.23034
3.31423e+08	7.49101	0.227226
3.37518e+08	7.17504	0.224186
3.43651e+08	6.87601	0.221218
3.49822e+08	6.59284	0.218318
3.56032e+08	6.32443	0.215484
3.6228e+08	6.06984	0.212713
3.68565e+08	5.82817	0.210004
3.74889e+08	5.59861	0.207353
3.81249e+08	5.3804	0.204759
3.87648e+08	5.17285	0.202219
3.94083e+08	4.97529	0.199731
4.00556e+08	4.78713	0.197294
4.07067e+08	4.6078	0.194906
4.13615e+08	4.4368	0.192564
4.202e+08	4.27364	0.190268
4.26824e+08	4.11787	0.188015
4.33484e+08	3.96907	0.185805
4.40183e+08	3.82686	0.183635
4.4692e+08	3.69087	0.181504
4.53695e+08	3.56075	0.179411
4.60508e+08	3.43621	0.177354
4.6736e+08	3.31693	0.175333
4.74251e+08	3.20264	0.173346
4.81181e+08	3.09309	0.171391
4.88151e+08	2.98807	0.169468
4.9516e+08	2.88731	0.167576
5.02209e+08	2.79059	0.165714
5.09298e+08	2.69771	0.163881
5.14046e+08	2.62321	0.162376
5.18884e+08	2.52712	0.159987
5.24473e+08	2.14416	0.163816
5.32864e+08	2.08588	0.162355
5.41264e+08	2.0191	0.160641
5.49672e+08	1.95539	0.158966
5.58088e+08	1.89456	0.157329
5.66513e+08	1.83641	0.155728
5.74946e+08	1.7808	0.154163
5.83388e+08	1.72757	0.152632
5.91838e+08	1.67659	0.151133
6.00297e+08	1.62772	0.149666
6.08764e+08	1.58084	0.148229
6.17246e+08	1.53477	0.146843
6.25746e+08	1.48987	0.145501
6.34265e+08	1.4468	0.144185
6.42801e+08	1.4055	0.142893
6.51355e+08	1.36588	0.141626
6.59925e+08	1.32788	0.140381
6.68511e+08	1.29141	0.139157
6.77112e+08	1.25639	0.137955
6.85728e+08	1.22275	0.136773
6.94358e+08	1.19041	0.135612
7.03002e+08	1.15931	0.134469
7.11659e+08	1.12939	0.133346
7.2033e+08	1.10058	0.132241
7.29012e+08	1.07283	0.131153
7.37707e+08	1.04609	0.130084
7.46414e+08	1.0203	0.129031
7.55133e+08	0.995432	0.127994
7.63863e+08	0.971432	0.126974
7.72604e+08	0.948261	0.125969
7.81355e+08	0.925881	0.124979
7.90118e+08	0.904256	0.124004
7.98891e+08	0.883353	0.123044
8.07674e+08	0.863139	0.122097
8.16468e+08	0.843585	0.121164
8.25271e+08	0.824659	0.120245
8.34084e+08	0.806335	0.119339
8.42907e+08	0.788585	0.118445
8.5174e+08	0.771386	0.117564
8.60583e+08	0.754715	0.116695
8.69435e+08	0.738548	0.115838
8.78297e+08	0.722866	0.114992
8.87168e+08	0.707648	0.114158
8.9605e+08	0.692876	0.113335
9.0494e+08	0.678531	0.112522
9.13841e+08	0.664597	0.111721
9.22751e+08	0.651058	0.110929
9.31671e+08	0.637898	0.110147
9.40601e+08	0.625102	0.109376
9.49541e+08	0.612657	0.108614
9.58491e+08	0.60055	0.107861
9.6745e+08	0.588767	0.107118
9.76421e+08	0.577298	0.106383
9.85401e+08	0.566129	0.105658
9.94392e+08	0.555252	0.104941
1.00339e+09	0.544654	0.104233
1.01241e+09	0.534327	0.103532
1.02143e+09	0.524261	0.10284
1.03046e+09	0.514447	0.102156
1.03951e+09	0.504877	0.10148
1.04856e+09	0.495541	0.100811
1.05763e+09	0.486433	0.10015
1.06671e+09	0.477544	0.0994956
1.0758e+09	0.468867	0.0988487
1.08491e+09	0.460394	0.0982088
1.09402e+09	0.452121	0.0975757
1.10315e+09	0.444039	0.0969494
1.11229e+09	0.436144	0.0963297
1.12145e+09	0.428428	0.0957164
1.13061e+09	0.420888	0.0951095
1.13979e+09	0.413516	0.0945087
1.14899e+09	0.406308	0.0939141
1.15819e+09	0.399259	0.0933254
1.16741e+09	0.392365	0.0927426
1.17665e+09	0.38562	0.0921655
1.1859e+09	0.37902	0.091594
1.19516e+09	0.372561	0.0910281
1.20444e+09	0.366239	0.0904675
1.21373e+09	0.36005	0.0899123
1.22304e+09	0.35399	0.0893623
1.23237e+09	0.348055	0.0888174
1.24171e+09	0.342243	0.0882775
1.25107e+09	0.336549	0.0877425
1.26044e+09	0.33097	0.0872124
1.26983e+09	0.325504	0.086687
1.27923e+09	0.320147	0.0861662
1.28866e+09	0.314896	0.08565
1.2981e+09	0.309748	0.0851383
1.30756e+09	0.304701	0.084631
1.31703e+09	0.299752	0.084128
1.32653e+09	0.294899	0.0836293
1.33604e+09	0.290138	0.0831347
1.34557e+09	0.285469	0.0826442
1.35513e+09	0.280887	0.0821577
1.3647e+09	0.276392	0.0816752
1.37429e+09	0.27198	0.0811965
1.3839e+09	0.267651	0.0807217
1.39353e+09	0.263401	0.0802505
1.40318e+09	0.259229	0.0797831
1.41285e+09	0.255133	0.0793192
1.42254e+09	0.251111	0.0788589
1.43225e+09	0.247161	0.0784021
1.44199e+09	0.243282	0.0779487
1.45175e+09	0.239472	0.0774986
1.46153e+09	0.235729	0.0770519
1.47133e+09	0.232052	0.0766084
1.48116e+09	0.228439	0.0761681
1.49101e+09	0.224889	0.0757309
1.50088e+09	0.2214	0.0752968
1.51078e+09	0.217971	0.0748657
1.5207e+09	0.214601	0.0744376
1.53065e+09	0.211288	0.0740125
1.54062e+09	0.208031	0.0735901
1.55062e+09	0.204828	0.0731707
1.56064e+09	0.201679	0.072754
1.57069e+09	0.198582	0.07234
1.58077e+09	0.195537	0.0719287
1.59087e+09	0.192542	0.0715201
1.601e+09	0.189595	0.071114
1.6112e+09	0.186691	0.0707097
1.62146e+09	0.183823	0.0703064
1.6318e+09	0.180991	0.0699039
1.6422e+09	0.178193	0.0695024
1.65268e+09	0.17543	0.0691018
1.66323e+09	0.172702	0.0687021
1.67385e+09	0.170006	0.0683031
1.68455e+09	0.167344	0.067905
1.69532e+09	0.164715	0.0675077
1.70617e+09	0.162117	0.0671112
1.7171e+09	0.159552	0.0667154
1.7281e+09	0.157017	0.0663203
1.73919e+09	0.154514	0.0659259
1.75036e+09	0.15204	0.0655322
1.76161e+09	0.149597	0.0651392
1.77295e+09	0.147183	0.0647467
1.78437e+09	0.144799	0.0643549
1.79587e+09	0.142443	0.0639637
1.80747e+09	0.140116	0.063573
1.81916e+09	0.137817	0.0631829
1.83094e+09	0.135545	0.0627932
1.84281e+09	0.133301	0.0624041
1.85477e+09	0.131083	0.0620154
1.86683e+09	0.128893	0.0616271
1.87899e+09	0.126728	0.0612393
1.89125e+09	0.124589	0.0608519
1.90361e+09	0.122476	0.0604648
1.91607e+09	0.120388	0.0600781
1.92863e+09	0.118325	0.0596916
1.94131e+09	0.116287	0.0593055
1.95409e+09	0.114273	0.0589197
1.96698e+09	0.112283	0.0585341
1.97998e+09	0.110317	0.0581487
1.9931e+09	0.108374	0.0577635
2.00633e+09	0.106454	0.0573784
2.01968e+09	0.104558	0.0569935
2.03316e+09	0.102683	0.0566088
2.04675e+09	0.100831	0.0562241
2.06048e+09	0.0990015	0.0558395
2.07433e+09	0.0971934	0.0554549
2.08831e+09	0.0954069	0.0550703
2.10242e+09	0.0936417	0.0546857
2.11667e+09	0.0918975	0.054301
2.13105e+09	0.0901741	0.0539163
2.14558e+09	0.0884713	0.0535315
2.16026e+09	0.0867888	0.0531465
2.17508e+09	0.0851265	0.0527614
2.19005e+09	0.083484	0.052376
2.20517e+09	0.0818613	0.0519905
2.22038e+09	0.0802615	0.0516055
2.23568e+09	0.0786878	0.051222
2.25108e+09	0.0771397	0.0508398
2.26657e+09	0.0756168	0.050459
2.28215e+09	0.0741184	0.0500795
2.29784e+09	0.0726442	0.0497012
2.31362e+09	0.0711937	0.0493241
2.32951e+09	0.0697664	0.0489483
2.3455e+09	0.068362	0.0485735
2.36159e+09	0.06698	0.0481999
2.3778e+09	0.0656199	0.0478273
2.39411e+09	0.0642815	0.0474557
2.41054e+09	0.0629642	0.0470851
2.42709e+09	0.0616678	0.0467155
2.44375e+09	0.0603918	0.0463468
2.46054e+09	0.0591358	0.0459789
2.47744e+09	0.0578996	0.0456119
2.49448e+09	0.0566827	0.0452457
2.51164e+09	0.0554849	0.0448802
2.52894e+09	0.0543058	0.0445154
2.54637e+09	0.053145	0.0441513
2.56394e+09	0.0520022	0.0437878
2.58165e+09	0.0508772	0.0434249
2.5995e+09	0.0497697	0.0430626
2.6175e+09	0.0486792	0.0427008
2.63566e+09	0.0476056	0.0423395
2.65397e+09	0.0465486	0.0419785
2.67244e+09	0.0455078	0.041618
2.69107e+09	0.0444831	0.0412578
2.70991e+09	0.0433908	0.040721
2.72903e+09	0.0421593	0.0404325
2.74843e+09	0.0409402	0.0401479
2.76814e+09	0.0397424	0.0398643
2.78816e+09	0.0385657	0.0395818
2.8085e+09	0.0374098	0.0393003
2.82917e+09	0.0362743	0.0390199
2.85018e+09	0.0351591	0.0387408
2.87155e+09	0.0340636	0.0384631
2.89328e+09	0.0329877	0.038187
2.9154e+09	0.0319308	0.0379126
2.93791e+09	0.0308923	0.03764
2.96082e+09	0.0298724	0.0373694
2.98417e+09	0.0288717	0.0371006
3.00795e+09	0.0278921	0.0368329
3.03219e+09	0.026937	0.0365651
3.05688e+09	0.0260099	0.0362964
3.08205e+09	0.0251054	0.0360279
3.10772e+09	0.0242138	0.035763
3.13392e+09	0.0233302	0.0355046
3.16068e+09	0.0224523	0.0352534
3.18805e+09	0.0215817	0.0350096
3.21607e+09	0.0207185	0.0347732
3.24478e+09	0.0198635	0.0345444
3.27424e+09	0.0190175	0.0343233
3.30448e+09	0.0181877	0.0341067
3.33555e+09	0.017374	0.0338952
3.3675e+09	0.016582	0.0336862
3.40036e+09	0.0158129	0.0334794
3.43417e+09	0.015073	0.0332716
3.46892e+09	0.0143683	0.0330597
3.50456e+09	0.013733	0.0328253
3.54104e+09	0.013142	0.0325802
3.57853e+09	0.0125206	0.0323639
3.61669e+09	0.0120449	0.0320814
3.65537e+09	0.0116325	0.0317749
3.69454e+09	0.0112446	0.0314619
3.73473e+09	0.0107281	0.0311005
3.77521e+09	0.0104219	0.0307723
3.81598e+09	0.0101245	0.0304474
3.85707e+09	0.00983547	0.0301258
3.89847e+09	0.00955461	0.0298073
3.92624e+09	0.00932725	0.029545
3.95416e+09	0.00914868	0.0293361
3.98222e+09	0.00897344	0.0291285
4.00761e+09	0.00881002	0.0289326
4.03586e+09	0.0086496	0.0287379
4.06729e+09	0.00847534	0.0285238
4.09377e+09	0.00831054	0.0283187
4.12251e+09	0.00815689	0.0281251
4.15373e+09	0.007994	0.0279173
4.18047e+09	0.00784045	0.0277189
4.20968e+09	0.0076955	0.0275292
4.23248e+09	0.00756387	0.027355
4.25785e+09	0.00744428	0.027195
4.28607e+09	0.0073139	0.0270187
4.33094e+09	0.0071402	0.0267807
4.37619e+09	0.00693337	0.0264923
4.42184e+09	0.00673206	0.0262062
4.46789e+09	0.00653613	0.0259225
4.51435e+09	0.00634539	0.0256409
4.56123e+09	0.00615969	0.0253615
4.59273e+09	0.00600912	0.025131
4.62441e+09	0.00589071	0.0249471
4.6563e+09	0.00577437	0.024764
4.68518e+09	0.00566577	0.024591
4.71733e+09	0.00555906	0.0244189
4.75316e+09	0.00544301	0.0242294
4.80229e+09	0.00530183	0.0239952
4.83532e+09	0.0051699	0.0237728
4.86856e+09	0.00506612	0.0235952
4.89368e+09	0.00497155	0.0232975
4.92162e+09	0.0048922	0.0231587
4.94497e+09	0.00481697	0.0230257
4.97218e+09	0.00474408	0.0228956
5.00395e+09	0.00465416	0.0227366
5.03447e+09	0.00455111	0.0225821
5.06914e+09	0.0044587	0.0224227
5.09673e+09	0.00437212	0.0222731
5.12752e+09	0.00429175	0.0221355
5.15291e+09	0.00421405	0.0220073
5.18262e+09	0.00408025	0.0218872
5.208e+09	0.00400531	0.0217699
5.23782e+09	0.00392595	0.021658
5.27302e+09	0.00382502	0.0215433
5.3371e+09	0.00329788	0.0214357
5.40259e+09	0.0031492	0.0212164
5.46915e+09	0.00302389	0.0209747
5.50463e+09	0.00293591	0.0207891
5.53606e+09	0.00288096	0.0206682
5.56389e+09	0.00283371	0.0205624
5.60507e+09	0.00278066	0.0204412
5.65121e+09	0.00271305	0.0202911
5.69891e+09	0.0025814	0.0201427
5.74751e+09	0.00249061	0.0199879
5.82145e+09	0.00240423	0.019785
5.8958e+09	0.00233107	0.0195587
5.97055e+09	0.00226047	0.019336
6.04572e+09	0.00219232	0.0191167
6.12131e+09	0.00212651	0.0189007
6.19732e+09	0.00206295	0.018688
6.27377e+09	0.00200153	0.0184785
6.35065e+09	0.00194218	0.018272
6.42798e+09	0.0018848	0.0180686
6.50576e+09	0.00182931	0.017868
6.58399e+09	0.00177564	0.0176703
6.66268e+09	0.00172371	0.0174753
6.74184e+09	0.00167346	0.017283
6.82148e+09	0.00162482	0.0170933
6.9016e+09	0.00157773	0.0169061
6.98221e+09	0.00153212	0.0167214
7.06331e+09	0.00148794	0.0165391
7.14493e+09	0.00144513	0.0163592
7.22705e+09	0.00140365	0.0161815
7.30969e+09	0.00136344	0.0160061
7.39287e+09	0.00132446	0.0158328
7.47658e+09	0.00128666	0.0156616
7.56083e+09	0.00125	0.0154925
7.64565e+09	0.00121443	0.0153254
7.73102e+09	0.00117992	0.0151602
7.81697e+09	0.00114643	0.0149969
7.9035e+09	0.00111392	0.0148355
7.99063e+09	0.00108236	0.0146759
8.07836e+09	0.00105172	0.0145181
8.1667e+09	0.00102196	0.014362
8.25567e+09	0.000993054	0.0142075
8.34528e+09	0.000964971	0.0140547
8.43553e+09	0.000937685	0.0139035
8.52644e+09	0.000911169	0.0137538
8.61803e+09	0.000885396	0.0136056
8.7103e+09	0.000860342	0.0134589
8.80327e+09	0.000835984	0.0133137
8.89695e+09	0.000812298	0.0131698
8.99135e+09	0.000789264	0.0130273
9.08649e+09	0.000766859	0.0128862
9.18239e+09	0.000745064	0.0127463
9.27905e+09	0.000723859	0.0126077
9.3765e+09	0.000703227	0.0124703
9.47475e+09	0.000683147	0.0123342
9.57382e+09	0.000663605	0.0121992
9.67373e+09	0.000644582	0.0120653
9.77448e+09	0.000626064	0.0119325
9.87611e+09	0.000608034	0.0118009
9.97863e+09	0.000590478	0.0116702
1.00821e+10	0.000573381	0.0115406
1.01864e+10	0.00055673	0.011412
1.02917e+10	0.000540512	0.0112843
1.0398e+10	0.000524713	0.0111576
1.05053e+10	0.000509322	0.0110318
1.06136e+10	0.000494326	0.0109069
1.07229e+10	0.000479714	0.0107829
1.08334e+10	0.000465476	0.0106597
1.09449e+10	0.0004516	0.0105372
1.10575e+10	0.000438075	0.0104156
1.11713e+10	0.000424893	0.0102948
1.12863e+10	0.000412043	0.0101746
1.14025e+10	0.000399517	0.0100552
1.15199e+10	0.000387305	0.00993646
1.16386e+10	0.000375398	0.00981837
1.17587e+10	0.000363788	0.00970093
1.188e+10	0.000352468	0.00958409
1.20028e+10	0.000341428	0.00946785
1.2127e+10	0.000330663	0.00935216
1.22527e+10	0.000320163	0.00923701
1.2382e+10	0.00030984	0.00912144
1.2515e+10	0.000299613	0.0090045
1.26519e+10	0.000289484	0.00888618
1.27929e+10	0.000279457	0.00876643
1.29381e+10	0.000269534	0.00864521
1.30879e+10	0.000259719	0.0085225
1.32424e+10	0.000250013	0.00839824
1.34018e+10	0.00024042	0.0082724
1.35664e+10	0.000230943	0.00814491
1.37371e+10	0.000220822	0.00800975
1.39139e+10	0.000211334	0.00788162
1.4097e+10	0.000201925	0.00775263
1.4287e+10	0.000192645	0.007622
1.44843e+10	0.000183502	0.00748968
1.46893e+10	0.0001745	0.00735559
1.49027e+10	0.000165643	0.00721967
1.51249e+10	0.000156935	0.00708184
1.53567e+10	0.000148382	0.00694203
1.55988e+10	0.000139987	0.00680014
1.58519e+10	0.000131756	0.00665608
1.61172e+10	0.000123694	0.00650972
1.63955e+10	0.000115806	0.00636094
1.66881e+10	0.000108097	0.00620959
1.69964e+10	0.000100573	0.00605551
1.73219e+10	9.32375e-05	0.00589852
1.76665e+10	8.60972e-05	0.00573842
1.80324e+10	7.9157e-05	0.00557498
1.84221e+10	7.24226e-05	0.00540792
1.88318e+10	6.59528e-05	0.00523836
1.92639e+10	5.97939e-05	0.00506732
1.97213e+10	5.39394e-05	0.0048945
2.02074e+10	4.83834e-05	0.00471956
2.07264e+10	4.312e-05	0.00454208
2.12834e+10	3.81437e-05	0.00436161
2.18849e+10	3.34495e-05	0.0041776
2.25393e+10	2.9033e-05	0.00398937
2.32574e+10	2.48904e-05	0.00379612
2.40542e+10	2.10187e-05	0.00359682
2.49506e+10	1.74155e-05	0.00339019
2.56724e+10	1.45613e-05	0.00320769
2.64146e+10	1.23883e-05	0.00305397
2.7181e+10	1.04906e-05	0.00290639
2.78738e+10	8.93284e-06	0.00277357
2.85901e+10	7.64453e-06	0.00265415
2.93347e+10	6.50536e-06	0.0025392
3.02407e+10	5.39312e-06	0.00241999
3.12287e+10	4.22818e-06	0.00229711
3.20349e+10	3.4592e-06	0.00219315
3.29351e+10	2.75652e-06	0.00210482
3.38987e+10	2.28394e-06	0.00201821
3.53324e+10	1.7815e-06	0.00191925
3.68293e+10	1.39984e-06	0.00181299
3.83686e+10	1.11726e-06	0.0017165
4.05546e+10	7.92176e-07	0.00161508
4.28827e+10	6.27022e-07	0.00150968
4.4835e+10	5.11053e-07	0.00142193
4.69287e+10	4.22595e-07	0.00134734
4.9154e+10	3.51946e-07	0.00127581
5.12292e+10	2.8941e-07	0.00121196
5.33734e+10	2.47717e-07	0.00115516
5.5588e+10	2.12275e-07	0.0011015
5.82306e+10	1.79633e-07	0.00104685
6.10084e+10	1.488e-07	0.000991933
6.38835e+10	1.25219e-07	0.000940329
6.78059e+10	1.03306e-07	0.000884107
7.1941e+10	8.33539e-08	0.000825495
7.63057e+10	6.72166e-08	0.000771071
8.04099e+10	5.46731e-08	0.000723396
8.49535e+10	4.47534e-08	0.000680043
8.87579e+10	3.72732e-08	0.000642987
9.27068e+10	3.14968e-08	0.000611764
9.67776e+10	2.68219e-08	0.000582443
1.02024e+11	2.2507e-08	0.000551421
1.07547e+11	1.85843e-08	0.000519469
1.12138e+11	1.56672e-08	0.000492694
1.16947e+11	1.34291e-08	0.000469918
1.21985e+11	1.15023e-08	0.000448083
1.28762e+11	9.60587e-09	0.00042417
1.35501e+11	7.9241e-09	0.000400152
1.42143e+11	6.63536e-09	0.00037946
1.50656e+11	5.48928e-09	0.000358926
1.57054e+11	4.60559e-09	0.000341132
1.63492e+11	3.97213e-09	0.000326932
1.69973e+11	3.43313e-09	0.000313596
1.78913e+11	2.89469e-09	0.000298856
1.88759e+11	2.37989e-09	0.00028302
1.96977e+11	1.99524e-09	0.000269851
2.0565e+11	1.70611e-09	0.00025891
2.14794e+11	1.45922e-09	0.00024866
2.27957e+11	1.14733e-09	0.000237419
2.41882e+11	9.04381e-10	0.00022577
2.55212e+11	7.92599e-10	0.000215395
2.71471e+11	6.91809e-10	0.000205168
2.86953e+11	6.04081e-10	0.000195439
3.01668e+11	5.34778e-10	0.000187082
3.20574e+11	4.69613e-10	0.000178555
3.40354e+11	4.08758e-10	0.000169866
3.61033e+11	3.56684e-10	0.000161737
3.77346e+11	3.17915e-10	0.000155169
3.94119e+11	2.88475e-10	0.000149827
4.11283e+11	2.63433e-10	0.000144995
4.3412e+11	2.39224e-10	0.000140029
4.52291e+11	2.18224e-10	0.000135449
4.70719e+11	1.99329e-10	0.000131085
4.89639e+11	1.80129e-10	0.000126373
5.13284e+11	1.60467e-10	0.0001212
5.39311e+11	1.42737e-10	0.000116169
5.64503e+11	1.28477e-10	0.000111819
5.94961e+11	1.15308e-10	0.000107515
6.25851e+11	1.03011e-10	0.0001032
6.63352e+11	9.13772e-11	9.88006e-05
6.9968e+11	8.10262e-11	9.45706e-05
7.27732e+11	7.34412e-11	9.1244e-05
7.60255e+11	6.71369e-11	8.8306e-05
7.91205e+11	6.14014e-11	8.54742e-05
8.26543e+11	5.61232e-11	8.27131e-05
8.63999e+11	5.11109e-11	7.99312e-05
9.00808e+11	4.67329e-11	7.73529e-05
9.38085e+11	4.2928e-11	7.49822e-05
9.8026e+11	3.93046e-11	7.25953e-05
1.02082e+12	3.59861e-11	7.02816e-05
1.07335e+12	3.27092e-11	6.78571e-05
1.12747e+12	2.95025e-11	6.53282e-05
1.19431e+12	2.6263e-11	6.25882e-05
1.26447e+12	2.31773e-11	5.97678e-05
1.32668e+12	2.07678e-11	5.73911e-05
1.38252e+12	1.89666e-11	5.54948e-05
1.4607e+12	1.71896e-11	5.35057e-05
1.54266e+12	1.54297e-11	5.13998e-05
1.60706e+12	1.40874e-11	4.96862e-05
1.69731e+12	1.28322e-11	4.79852e-05
1.79108e+12	1.15633e-11	4.61524e-05
1.86339e+12	1.05878e-11	4.46527e-05
1.94822e+12	9.76392e-12	4.33144e-05
2.03837e+12	8.96264e-12	4.19405e-05
2.16974e+12	8.07558e-12	4.03226e-05
2.30693e+12	7.19036e-12	3.85883e-05
2.40986e+12	6.53543e-12	3.72133e-05
2.51746e+12	6.02947e-12	3.6088e-05
2.62973e+12	5.56613e-12	3.50019e-05
2.72332e+12	5.18639e-12	3.40669e-05
2.85666e+12	4.80702e-12	3.30869e-05
3.00857e+12	4.39443e-12	3.19622e-05
3.14717e+12	4.0351e-12	3.09253e-05
3.29694e+12	3.72187e-12	2.99711e-05
3.41376e+12	3.4702e-12	2.9166e-05
3.53865e+12	3.26323e-12	2.84747e-05
3.63813e+12	3.09068e-12	2.78764e-05
3.74254e+12	2.94556e-12	2.7356e-05
3.83624e+12	2.8158e-12	2.68765e-05
3.94672e+12	2.69098e-12	2.64014e-05
4.0627e+12	2.56352e-12	2.59013e-05
4.17123e+12	2.44732e-12	2.54311e-05
4.28986e+12	2.3381e-12	2.49758e-05
4.39719e+12	2.23799e-12	2.45461e-05
4.50849e+12	2.14758e-12	2.41472e-05
4.58179e+12	2.0767e-12	2.38268e-05
4.69916e+12	2.00631e-12	2.35015e-05
4.83168e+12	1.92063e-12	2.30954e-05
4.93745e+12	1.84533e-12	2.27288e-05
5.06429e+12	1.77591e-12	2.2382e-05
5.18693e+12	1.70666e-12	2.20273e-05
5.28272e+12	1.65e-12	2.17301e-05
5.39329e+12	1.59899e-12	2.14568e-05
5.50294e+12	1.5477e-12	2.11763e-05
5.59651e+12	1.503e-12	2.09269e-05
5.68943e+12	1.46375e-12	2.07039e-05
5.76105e+12	1.43065e-12	2.05128e-05
5.85806e+12	1.39777e-12	2.03202e-05
5.96385e+12	1.36016e-12	2.00962e-05
6.05683e+12	1.32542e-12	1.98855e-05
6.15391e+12	1.2938e-12	1.96906e-05
6.269e+12	1.26015e-12	1.94796e-05
6.38019e+12	1.22595e-12	1.92615e-05
6.46786e+12	1.19702e-12	1.90741e-05
6.56918e+12	1.17021e-12	1.88979e-05
6.66981e+12	1.14252e-12	1.87132e-05
6.75579e+12	1.11786e-12	1.85464e-05
6.8413e+12	1.09593e-12	1.83961e-05
6.92634e+12	1.07488e-12	1.82499e-05
7.0384e+12	1.05137e-12	1.80845e-05
7.12236e+12	1.02917e-12	1.79261e-05
7.20584e+12	1.01087e-12	1.77937e-05
7.28886e+12	9.93326e-13	1.76653e-05
7.39825e+12	9.73746e-13	1.75202e-05
7.48019e+12	9.55164e-13	1.73807e-05
7.56168e+12	9.39734e-13	1.72635e-05
7.64273e+12	9.24779e-13	1.71488e-05
7.74955e+12	9.07864e-13	1.70177e-05
7.82962e+12	8.91563e-13	1.68899e-05
7.90929e+12	8.77924e-13	1.67819e-05
7.98858e+12	8.64677e-13	1.66759e-05
8.09314e+12	8.49726e-13	1.65551e-05
8.21538e+12	8.31973e-13	1.64099e-05
8.32723e+12	8.14538e-13	1.62651e-05
8.42961e+12	7.99311e-13	1.6137e-05
8.54926e+12	7.84185e-13	1.6008e-05
8.65871e+12	7.69286e-13	1.58793e-05
8.7589e+12	7.56081e-13	1.57638e-05
8.87603e+12	7.4265e-13	1.56452e-05
8.98326e+12	7.29009e-13	1.55236e-05
9.08151e+12	7.16691e-13	1.54126e-05
9.19648e+12	7.041e-13	1.5298e-05
9.30186e+12	6.9146e-13	1.51817e-05
9.3985e+12	6.80214e-13	1.50771e-05
9.51172e+12	6.68852e-13	1.49703e-05
9.61537e+12	6.57536e-13	1.48626e-05
9.7103e+12	6.47489e-13	1.47661e-05
9.82108e+12	6.3734e-13	1.46676e-05
9.9231e+12	6.27166e-13	1.45678e-05
1.00171e+13	6.18044e-13	1.44774e-05
1.01287e+13	6.08696e-13	1.4384e-05
1.02289e+13	5.99359e-13	1.42897e-05
1.03191e+13	5.91188e-13	1.42064e-05
1.04187e+13	5.83235e-13	1.41246e-05
1.05179e+13	5.75136e-13	1.40406e-05
1.06165e+13	5.67297e-13	1.39585e-05
1.07636e+13	5.57798e-13	1.38581e-05
1.09095e+13	5.46917e-13	1.37416e-05
1.10544e+13	5.36487e-13	1.36286e-05
1.11982e+13	5.26461e-13	1.35186e-05
1.1341e+13	5.16803e-13	1.34115e-05
1.14828e+13	5.0751e-13	1.33072e-05
1.16237e+13	4.98603e-13	1.3206e-05
1.17636e+13	4.9011e-13	1.31084e-05
1.18676e+13	4.83043e-13	1.30262e-05
1.19731e+13	4.77146e-13	1.2957e-05
1.21579e+13	4.69183e-13	1.28626e-05
1.23772e+13	4.58453e-13	1.27339e-05
1.25544e+13	4.48204e-13	1.26095e-05
1.27303e+13	4.3927e-13	1.24997e-05
1.28842e+13	4.31158e-13	1.23988e-05
1.30274e+13	4.24035e-13	1.23092e-05
1.32398e+13	4.15689e-13	1.22031e-05
1.34551e+13	4.06036e-13	1.20787e-05
1.36046e+13	3.98138e-13	1.19755e-05
1.37556e+13	3.91797e-13	1.18918e-05
1.3908e+13	3.85583e-13	1.18088e-05
1.4062e+13	3.79501e-13	1.17267e-05
1.42174e+13	3.7355e-13	1.16456e-05
1.43742e+13	3.67725e-13	1.15653e-05
1.45325e+13	3.62018e-13	1.14859e-05
1.46922e+13	3.5642e-13	1.14071e-05
1.48533e+13	3.50925e-13	1.13291e-05
1.50158e+13	3.45528e-13	1.12517e-05
1.51797e+13	3.40224e-13	1.11749e-05
1.5345e+13	3.3501e-13	1.10986e-05
1.55117e+13	3.29886e-13	1.1023e-05
1.56798e+13	3.24849e-13	1.09478e-05
1.58493e+13	3.19898e-13	1.08733e-05
1.60201e+13	3.15031e-13	1.07993e-05
1.61923e+13	3.10247e-13	1.07258e-05
1.63658e+13	3.05545e-13	1.06529e-05
1.65407e+13	3.00923e-13	1.05806e-05
1.67169e+13	2.9638e-13	1.05088e-05
1.68945e+13	2.91916e-13	1.04375e-05
1.70734e+13	2.87528e-13	1.03668e-05
1.72536e+13	2.83216e-13	1.02966e-05
1.74352e+13	2.78978e-13	1.0227e-05
1.7618e+13	2.74814e-13	1.01579e-05
1.78021e+13	2.70721e-13	1.00893e-05
1.79876e+13	2.66699e-13	1.00213e-05
1.81743e+13	2.62746e-13	9.95378e-06
1.83622e+13	2.5886e-13	9.88679e-06
1.85514e+13	2.55042e-13	9.82032e-06
1.87419e+13	2.51289e-13	9.75436e-06
1.89336e+13	2.476e-13	9.68892e-06
1.91266e+13	2.43974e-13	9.62397e-06
1.93208e+13	2.4041e-13	9.55952e-06
1.95161e+13	2.36906e-13	9.49555e-06
1.97127e+13	2.33461e-13	9.43206e-06
1.99105e+13	2.30074e-13	9.36903e-06
2.01095e+13	2.26743e-13	9.30648e-06
2.03096e+13	2.23467e-13	9.24438e-06
2.05109e+13	2.20246e-13	9.18274e-06
2.07134e+13	2.17079e-13	9.12156e-06
2.0917e+13	2.13964e-13	9.06083e-06
2.11217e+13	2.10901e-13	9.00054e-06
2.13276e+13	2.07889e-13	8.94069e-06
2.15346e+13	2.04926e-13	8.88127e-06
2.17427e+13	2.02011e-13	8.82228e-06
2.19518e+13	1.99145e-13	8.76371e-06
2.21621e+13	1.96324e-13	8.70555e-06
2.23734e+13	1.93549e-13	8.64779e-06
2.25858e+13	1.90818e-13	8.59041e-06
2.27993e+13	1.8813e-13	8.53342e-06
2.30138e+13	1.85485e-13	8.47681e-06
2.32293e+13	1.82881e-13	8.42058e-06
2.34458e+13	1.80319e-13	8.36473e-06
2.36634e+13	1.77799e-13	8.30927e-06
2.38819e+13	1.75319e-13	8.25419e-06
2.41015e+13	1.72879e-13	8.19949e-06
2.4322e+13	1.70478e-13	8.14516e-06
2.45435e+13	1.68116e-13	8.0912e-06
2.47659e+13	1.65791e-13	8.03761e-06
2.49893e+13	1.63503e-13	7.98437e-06
2.52135e+13	1.61251e-13	7.93148e-06
2.54387e+13	1.59035e-13	7.87894e-06
2.56648e+13	1.56853e-13	7.82674e-06
2.58918e+13	1.54705e-13	7.77488e-06
2.61197e+13	1.52591e-13	7.72336e-06
2.63484e+13	1.5051e-13	7.67217e-06
2.6578e+13	1.48462e-13	7.62131e-06
2.68084e+13	1.46445e-13	7.57077e-06
2.70396e+13	1.4446e-13	7.52056e-06
2.72717e+13	1.42505e-13	7.47065e-06
2.75045e+13	1.4058e-13	7.42104e-06
2.77381e+13	1.38684e-13	7.37173e-06
2.79725e+13	1.36816e-13	7.3227e-06
2.82077e+13	1.34975e-13	7.27395e-06
2.84436e+13	1.33161e-13	7.22546e-06
2.86802e+13	1.31374e-13	7.17723e-06
2.89176e+13	1.29612e-13	7.12925e-06
2.91557e+13	1.27874e-13	7.08152e-06
2.93944e+13	1.26162e-13	7.03403e-06
2.96327e+13	1.24479e-13	6.98691e-06
2.98704e+13	1.22828e-13	6.94028e-06
3.01076e+13	1.2121e-13	6.89414e-06
3.03442e+13	1.19624e-13	6.84847e-06
3.05804e+13	1.18068e-13	6.80328e-06
3.08162e+13	1.16542e-13	6.75855e-06
3.10515e+13	1.15046e-13	6.71428e-06
3.12863e+13	1.13578e-13	6.67044e-06
3.15207e+13	1.12138e-13	6.62701e-06
3.17547e+13	1.10723e-13	6.58397e-06
3.19883e+13	1.09332e-13	6.5413e-06
3.22215e+13	1.07965e-13	6.49897e-06
3.24543e+13	1.0662e-13	6.45696e-06
3.26868e+13	1.05297e-13	6.41527e-06
3.29189e+13	1.03995e-13	6.37388e-06
3.31508e+13	1.02714e-13	6.33278e-06
3.33823e+13	1.01452e-13	6.29196e-06
3.36135e+13	1.00211e-13	6.25143e-06
3.38445e+13	9.89886e-14	6.21118e-06
3.40752e+13	9.77854e-14	6.1712e-06
3.43056e+13	9.66008e-14	6.13149e-06
3.45358e+13	9.54345e-14	6.09203e-06
3.47658e+13	9.42859e-14	6.05283e-06
3.49956e+13	9.31546e-14	6.01388e-06
3.52252e+13	9.20403e-14	5.97516e-06
3.54546e+13	9.09425e-14	5.93668e-06
3.56838e+13	8.98609e-14	5.89842e-06
3.59128e+13	8.87951e-14	5.86038e-06
3.61417e+13	8.77448e-14	5.82255e-06
3.63705e+13	8.67095e-14	5.78493e-06
3.65991e+13	8.56892e-14	5.74751e-06
3.68276e+13	8.46836e-14	5.7103e-06
3.70559e+13	8.36925e-14	5.67329e-06
3.72842e+13	8.27159e-14	5.63647e-06
3.75124e+13	8.17537e-14	5.59987e-06
3.77404e+13	8.0806e-14	5.56347e-06
3.79684e+13	7.98728e-14	5.52729e-06
3.81963e+13	7.8954e-14	5.49133e-06
3.84241e+13	7.80495e-14	5.45558e-06
3.86519e+13	7.71587e-14	5.42003e-06
3.88796e+13	7.6281e-14	5.38467e-06
3.91072e+13	7.54154e-14	5.34947e-06
3.93347e+13	7.45607e-14	5.3144e-06
3.95623e+13	7.37157e-14	5.27942e-06
3.97898e+13	7.28794e-14	5.24449e-06
4.00173e+13	7.20511e-14	5.2096e-06
4.02448e+13	7.12305e-14	5.17473e-06
4.04723e+13	7.04174e-14	5.13989e-06
4.06999e+13	6.96122e-14	5.10507e-06
4.09276e+13	6.88153e-14	5.0703e-06
4.11553e+13	6.80274e-14	5.03559e-06
4.13831e+13	6.72487e-14	5.00096e-06
4.1611e+13	6.64797e-14	4.96641e-06
4.1839e+13	6.57204e-14	4.93195e-06
4.2067e+13	6.49707e-14	4.89759e-06
4.22952e+13	6.42305e-14	4.86331e-06
4.25236e+13	6.34996e-14	4.82911e-06
4.2752e+13	6.27775e-14	4.79499e-06
4.29806e+13	6.20641e-14	4.76092e-06
4.32093e+13	6.1359e-14	4.7269e-06
4.34382e+13	6.0662e-14	4.69293e-06
4.36672e+13	5.99728e-14	4.65898e-06
4.38964e+13	5.92912e-14	4.62507e-06
4.41258e+13	5.86171e-14	4.59117e-06
4.43554e+13	5.79503e-14	4.55729e-06
4.45853e+13	5.72906e-14	4.52341e-06
4.48154e+13	5.6638e-14	4.48953e-06
4.50457e+13	5.59922e-14	4.45564e-06
4.52763e+13	5.53532e-14	4.42174e-06
4.55072e+13	5.47208e-14	4.38783e-06
4.57383e+13	5.40949e-14	4.35389e-06
4.59698e+13	5.34754e-14	4.31992e-06
4.62015e+13	5.28623e-14	4.28591e-06
4.64336e+13	5.22553e-14	4.25186e-06
4.66661e+13	5.16545e-14	4.21775e-06
4.68989e+13	5.10596e-14	4.18359e-06
4.71321e+13	5.04706e-14	4.14937e-06
4.73656e+13	4.98874e-14	4.11508e-06
4.75996e+13	4.93099e-14	4.08071e-06
4.7834e+13	4.8738e-14	4.04625e-06
4.80688e+13	4.81716e-14	4.01171e-06
4.83041e+13	4.76108e-14	3.97706e-06
4.85398e+13	4.70553e-14	3.9423e-06
4.8776e+13	4.6505e-14	3.90743e-06
4.90127e+13	4.596e-14	3.87244e-06
4.92499e+13	4.54202e-14	3.83731e-06
4.94876e+13	4.48854e-14	3.80205e-06
4.97258e+13	4.43556e-14	3.76663e-06
4.99646e+13	4.38307e-14	3.73106e-06
5.0204e+13	4.33107e-14	3.69531e-06
5.04439e+13	4.27955e-14	3.6594e-06
5.06845e+13	4.22849e-14	3.62329e-06
5.09256e+13	4.17791e-14	3.58699e-06
5.11674e+13	4.12779e-14	3.55047e-06
5.14098e+13	4.07814e-14	3.51374e-06
5.16529e+13	4.02893e-14	3.47677e-06
5.18967e+13	3.98018e-14	3.43955e-06
5.21412e+13	3.93187e-14	3.40207e-06
5.23864e+13	3.88401e-14	3.36432e-06
5.26323e+13	3.83659e-14	3.32629e-06
5.2879e+13	3.7896e-14	3.28795e-06
5.31264e+13	3.74306e-14	3.24929e-06
5.33746e+13	3.69694e-14	3.21029e-06
5.36236e+13	3.65126e-14	3.17095e-06
5.38734e+13	3.60602e-14	3.13122e-06
5.41241e+13	3.56121e-14	3.09111e-06
5.43756e+13	3.51684e-14	3.05058e-06
5.46279e+13	3.47292e-14	3.00962e-06
5.48811e+13	3.42944e-14	2.96819e-06
5.51352e+13	3.38641e-14	2.92628e-06
5.53902e+13	3.34385e-14	2.88386e-06
5.56461e+13	3.30175e-14	2.8409e-06
5.5903e+13	3.26012e-14	2.79737e-06
5.61608e+13	3.21899e-14	2.75323e-06
5.64195e+13	3.17836e-14	2.70846e-06
5.66791e+13	3.13825e-14	2.66301e-06
5.69398e+13	3.09869e-14	2.61684e-06
5.72013e+13	3.05969e-14	2.56991e-06
5.74639e+13	3.02129e-14	2.52218e-06
5.77273e+13	2.98351e-14	2.4736e-06
5.79917e+13	2.94638e-14	2.42412e-06
5.8257e+13	2.90994e-14	2.37369e-06
5.85232e+13	2.87423e-14	2.32226e-06
5.87902e+13	2.83931e-14	2.26976e-06
5.9058e+13	2.80522e-14	2.21615e-06
5.93267e+13	2.77202e-14	2.16134e-06
5.9596e+13	2.73981e-14	2.10528e-06
5.9866e+13	2.70865e-14	2.04789e-06
6.01366e+13	2.67866e-14	1.9891e-06
6.04077e+13	2.64992e-14	1.92886e-06
6.06792e+13	2.62254e-14	1.86711e-06
6.09509e+13	2.59661e-14	1.80382e-06
6.12228e+13	2.57223e-14	1.739e-06
6.14947e+13	2.54939e-14	1.67273e-06
6.17664e+13	2.52792e-14	1.60524e-06
6.2038e+13	2.50733e-14	1.537e-06
6.23095e+13	2.48642e-14	1.46897e-06
6.25812e+13	2.46294e-14	1.40269e-06
6.28537e+13	2.43357e-14	1.34025e-06
6.31283e+13	2.39476e-14	1.28365e-06
6.34063e+13	2.34433e-14	1.23386e-06
6.36893e+13	2.28219e-14	1.19055e-06
6.39789e+13	2.20978e-14	1.15261e-06
6.42768e+13	2.12898e-14	1.11869e-06
6.45844e+13	2.04161e-14	1.0876e-06
6.49035e+13	1.94915e-14	1.05835e-06
6.52357e+13	1.85286e-14	1.03008e-06
6.55831e+13	1.75384e-14	1.00197e-06
6.59475e+13	1.65319e-14	9.73213e-07
6.63312e+13	1.55222e-14	9.42764e-07
6.67362e+13	1.45292e-14	9.09114e-07
6.71245e+13	1.3631e-14	8.71532e-07
6.73323e+13	1.30559e-14	8.38318e-07
6.75978e+13	1.27014e-14	8.06305e-07
6.78686e+13	1.24974e-14	7.57266e-07
6.80808e+13	1.28358e-14	6.79737e-07
6.82688e+13	1.44593e-14	5.30932e-07
6.8415e+13	1.42934e-14	4.39621e-07
6.85785e+13	1.32966e-14	3.76739e-07
6.87384e+13	1.18187e-14	3.20583e-07
6.89241e+13	9.35269e-15	2.8751e-07
6.90707e+13	6.87274e-15	2.6991e-07
6.91863e+13	5.25462e-15	2.59931e-07
6.92762e+13	4.22033e-15	2.53155e-07
6.93454e+13	3.54462e-15	2.48524e-07
6.94115e+13	3.04928e-15	2.4504e-07
6.94744e+13	2.63419e-15	2.42039e-07
6.95652e+13	2.21297e-15	2.38807e-07
6.96473e+13	1.80652e-15	2.35315e-07
6.9756e+13	1.44615e-15	2.31695e-07
6.98597e+13	1.11974e-15	2.2776e-07
6.99256e+13	9.07362e-16	2.24621e-07
7.00005e+13	7.64646e-16	2.22084e-07
7.00696e+13	6.39969e-16	2.19453e-07
7.01196e+13	5.51356e-16	2.17164e-07
7.01699e+13	4.87067e-16	2.15089e-07
7.02255e+13	4.27759e-16	2.12541e-07
7.03319e+13	3.55006e-16	2.06577e-07
