0	13.6425
100	13.6349
200	13.6273
300	13.6197
400	13.6121
500	13.6045
600	13.5969
700	13.5892
800	13.5816
900	13.5739
1000	13.5663
1100	13.5586
1200	13.5509
1300	13.5432
1400	13.5356
1500	13.5279
1600	13.5201
1700	13.5124
1800	13.5047
1900	13.4969
2000	13.4892
2100	13.4814
2200	13.4737
2300	13.4659
2400	13.4581
2500	13.4503
2600	13.4425
2700	13.4347
2800	13.4269
2900	13.4191
3000	13.4112
3100	13.4034
3200	13.3955
3300	13.3877
3400	13.3798
3500	13.3719
3600	13.364
3700	13.3561
3800	13.3482
3900	13.3403
4000	13.3323
4100	13.3244
4200	13.3164
4300	13.3085
4400	13.3005
4500	13.2925
4600	13.2845
4700	13.2765
4800	13.2685
4900	13.2605
5000	13.2525
5100	13.2445
5200	13.2364
5300	13.2284
5400	13.2203
5500	13.2122
5600	13.2041
5700	13.196
5800	13.1879
5900	13.1798
6000	13.1717
6100	13.1636
6200	13.1554
6300	13.1472
6400	13.1391
6500	13.1309
6600	13.1227
6700	13.1145
6800	13.1063
6900	13.0981
7000	13.0899
7100	13.0816
7200	13.0734
7300	13.0651
7400	13.0569
7500	13.0486
7600	13.0403
7700	13.032
7800	13.0237
7900	13.0154
8000	13.007
8100	12.9987
8200	12.9903
8300	12.982
8400	12.9736
8500	12.9652
8600	12.9568
8700	12.9484
8800	12.94
8900	12.9315
9000	12.9231
9100	12.9147
9200	12.9062
9300	12.8977
9400	12.8892
9500	12.8807
9600	12.8722
9700	12.8637
9800	12.8552
9900	12.8466
10000	12.8381
10100	12.6269
10200	12.4213
10300	12.2209
10400	12.0257
10500	11.8354
10600	11.6499
10700	11.469
10800	11.2926
10900	11.1205
11000	10.9525
11100	10.7885
11200	10.6284
11300	10.4721
11400	10.3195
11500	10.1704
11600	10.0247
11700	9.88227
11800	9.74308
11900	9.60701
12000	9.47395
12100	9.34381
12200	9.21651
12300	9.09196
12400	8.97009
12500	8.85081
12600	8.73404
12700	8.61972
12800	8.50778
12900	8.39814
13000	8.29075
13100	8.18554
13200	8.08244
13300	7.98141
13400	7.88239
13500	7.78532
13600	7.69014
13700	7.59681
13800	7.50529
13900	7.41551
14000	7.32744
14100	7.24103
14200	7.15624
14300	7.07303
14400	6.99136
14500	6.91118
14600	6.83246
14700	6.75517
14800	6.67927
14900	6.60473
15000	6.5315
15100	6.45957
15200	6.3889
15300	6.31945
15400	6.25121
15500	6.18413
15600	6.1182
15700	6.05339
15800	5.98967
15900	5.92702
16000	5.86541
16100	5.80481
16200	5.74522
16300	5.68659
16400	5.62892
16500	5.57217
16600	5.51634
16700	5.46139
16800	5.40732
16900	5.3541
17000	5.30171
17100	5.25014
17200	5.19936
17300	5.14937
17400	5.10014
17500	5.05166
17600	5.00391
17700	4.95688
17800	4.91055
17900	4.86491
18000	4.81995
18100	4.77565
18200	4.732
18300	4.68898
18400	4.64658
18500	4.60479
18600	4.56361
18700	4.523
18800	4.48298
18900	4.44351
19000	4.4046
19100	4.36623
19200	4.3284
19300	4.29108
19400	4.25428
19500	4.21798
19600	4.18217
19700	4.14685
19800	4.112
19900	4.07762
20000	4.0437
20100	4.01022
20200	3.97719
20300	3.94459
20400	3.91241
20500	3.88066
20600	3.84931
20700	3.81836
20800	3.78782
20900	3.75766
21000	3.72788
21100	3.69848
21200	3.66945
21300	3.64078
21400	3.61247
21500	3.58451
21600	3.55689
21700	3.52962
21800	3.50267
21900	3.47605
22000	3.44976
22100	3.42378
22200	3.39812
22300	3.37276
22400	3.3477
22500	3.32293
22600	3.29846
22700	3.27428
22800	3.25038
22900	3.22676
23000	3.20341
23100	3.18033
23200	3.15751
23300	3.13496
23400	3.11266
23500	3.09062
23600	3.06882
23700	3.04727
23800	3.02596
23900	3.00488
24000	2.98405
24100	2.96344
24200	2.94305
24300	2.9229
24400	2.90296
24500	2.88323
24600	2.86373
24700	2.84443
24800	2.82534
24900	2.80645
25000	2.78776
25100	2.76928
25200	2.75098
25300	2.73288
25400	2.71498
25500	2.69725
25600	2.67971
25700	2.66236
25800	2.64518
25900	2.62818
26000	2.61135
26100	2.5947
26200	2.57821
26300	2.56189
26400	2.54574
26500	2.52975
26600	2.51392
26700	2.49824
26800	2.48272
26900	2.46736
27000	2.45215
27100	2.43708
27200	2.42217
27300	2.4074
27400	2.39277
27500	2.37829
27600	2.36394
27700	2.34973
27800	2.33566
27900	2.32172
28000	2.30792
28100	2.29425
28200	2.2807
28300	2.26729
28400	2.25399
28500	2.24083
28600	2.22778
28700	2.21486
28800	2.20206
28900	2.18937
29000	2.1768
29100	2.16435
29200	2.15201
29300	2.13978
29400	2.12766
29500	2.11565
29600	2.10375
29700	2.09196
29800	2.08027
29900	2.06869
30000	2.05721
30100	2.04583
30200	2.03455
30300	2.02337
30400	2.01229
30500	2.0013
30600	1.99041
30700	1.97962
30800	1.96891
30900	1.9583
31000	1.94779
31100	1.93736
31200	1.92702
31300	1.91677
31400	1.9066
31500	1.89653
31600	1.88653
31700	1.87662
31800	1.8668
31900	1.85705
32000	1.84739
32100	1.83781
32200	1.8283
32300	1.81888
32400	1.80953
32500	1.80026
32600	1.79106
32700	1.78194
32800	1.77289
32900	1.76392
33000	1.75502
33100	1.74619
33200	1.73743
33300	1.72874
33400	1.72013
33500	1.71158
33600	1.70309
33700	1.69468
33800	1.68633
33900	1.67804
34000	1.66983
34100	1.66167
34200	1.65358
34300	1.64555
34400	1.63758
34500	1.62968
34600	1.62184
34700	1.61405
34800	1.60633
34900	1.59866
35000	1.59106
35100	1.58351
35200	1.57602
35300	1.56858
35400	1.5612
35500	1.55388
35600	1.54661
35700	1.53939
35800	1.53223
35900	1.52513
36000	1.51807
36100	1.51107
36200	1.50411
36300	1.49721
36400	1.49036
36500	1.48356
36600	1.47681
36700	1.47011
36800	1.46346
36900	1.45685
37000	1.45029
37100	1.44378
37200	1.43732
37300	1.4309
37400	1.42453
37500	1.4182
37600	1.41192
37700	1.40568
37800	1.39949
37900	1.39334
38000	1.38723
38100	1.38117
38200	1.37515
38300	1.36917
38400	1.36323
38500	1.35733
38600	1.35147
38700	1.34566
38800	1.33988
38900	1.33414
39000	1.32844
39100	1.32278
39200	1.31716
39300	1.31158
39400	1.30604
39500	1.30053
39600	1.29506
39700	1.28963
39800	1.28423
39900	1.27887
40000	1.27354
40100	1.26825
40200	1.263
40300	1.25778
40400	1.25259
40500	1.24744
40600	1.24232
40700	1.23724
40800	1.23218
40900	1.22717
41000	1.22218
41100	1.21723
41200	1.21231
41300	1.20742
41400	1.20256
41500	1.19773
41600	1.19293
41700	1.18817
41800	1.18343
41900	1.17873
42000	1.17405
42100	1.16941
42200	1.16479
42300	1.16021
42400	1.15565
42500	1.15112
42600	1.14662
42700	1.14214
42800	1.1377
42900	1.13328
43000	1.12889
43100	1.12453
43200	1.12019
43300	1.11588
43400	1.1116
43500	1.10734
43600	1.10311
43700	1.0989
43800	1.09472
43900	1.09057
44000	1.08644
44100	1.08233
44200	1.07825
44300	1.0742
44400	1.07017
44500	1.06616
44600	1.06218
44700	1.05822
44800	1.05429
44900	1.05037
45000	1.04648
45100	1.04262
45200	1.03878
45300	1.03496
45400	1.03116
45500	1.02738
45600	1.02363
45700	1.0199
45800	1.01619
45900	1.0125
46000	1.00883
46100	1.00518
46200	1.00156
46300	0.997955
46400	0.994371
46500	0.990808
46600	0.987266
46700	0.983743
46800	0.980241
46900	0.976759
47000	0.973296
47100	0.969853
47200	0.966429
47300	0.963025
47400	0.95964
47500	0.956273
47600	0.952926
47700	0.949597
47800	0.946287
47900	0.942995
48000	0.939722
48100	0.936466
48200	0.933229
48300	0.930009
48400	0.926808
48500	0.923623
48600	0.920457
48700	0.917307
48800	0.914175
48900	0.91106
49000	0.907962
49100	0.90488
49200	0.901815
49300	0.898767
49400	0.895735
49500	0.89272
49600	0.889721
49700	0.886738
49800	0.88377
49900	0.880819
50000	0.877883
